Film & Animation:[517, 1198, 345, 172]:[1522, 362, 176, 1346]
Music:[1420, 1960, 351, 1069]:[2531, 858, 342, 2189]
Pets & Animals:[91, 219, 59, 32]:[351, 10, 8, 343]
Sports:[847, 1173, 767, 80]:[2055, 497, 235, 1820]
Travel & Events:[167, 160, 65, 102]:[364, 26, 2, 362]
Autos & Vehicles:[93, 224, 36, 57]:[287, 35, 31, 256]
Gaming:[360, 619, 365, -5]:[946, 189, 209, 737]
People & Blogs:[915, 2719, 471, 444]:[2392, 1406, 307, 2085]
Comedy:[696, 2482, 595, 101]:[2379, 950, 444, 1935]
Entertainment:[3328, 8492, 1631, 1697]:[9476, 2848, 1127, 8349]
News & Politics:[1057, 2480, 622, 435]:[2695, 1034, 430, 2265]
Howto & Style:[778, 980, 249, 529]:[1799, 125, 83, 1716]
Education:[216, 585, 190, 26]:[837, 75, 79, 758]
Science & Technology:[220, 773, 162, 58]:[857, 104, 194, 663]
Nonprofits & Activism:[12, 58, 4, 8]:[31, 19, 24, 7]
Movies:[6, 0, 0, 6]:[6, 0, 0, 6]
Shows:[5, 109, 10, -5]:[109, 9, 6, 103]
