Film & Animation:[617, 1341, 387, 230]:[1856, 206, 283, 1573]
Music:[2098, 3830, 544, 1554]:[4576, 1308, 588, 3988]
Pets & Animals:[298, 501, 121, 177]:[818, 91, 11, 807]
Sports:[808, 923, 443, 365]:[1852, 143, 179, 1673]
Travel & Events:[148, 196, 58, 90]:[364, 26, 12, 352]
Autos & Vehicles:[168, 161, 55, 113]:[296, 48, 40, 256]
Gaming:[215, 467, 135, 80]:[660, 55, 102, 558]
People & Blogs:[898, 1993, 319, 579]:[2406, 551, 253, 2153]
Comedy:[816, 2104, 537, 279]:[2725, 347, 385, 2340]
Entertainment:[2775, 5751, 1438, 1337]:[8127, 926, 911, 7216]
News & Politics:[572, 1417, 498, 74]:[1771, 371, 345, 1426]
Howto & Style:[1238, 2285, 623, 615]:[3691, 169, 286, 3405]
Education:[309, 1005, 342, -33]:[1439, 78, 139, 1300]
Science & Technology:[492, 1634, 275, 217]:[1940, 193, 268, 1672]
Nonprofits & Activism:[29, 24, 4, 25]:[44, 10, 3, 41]
Shows:[11, 5, 41, -30]:[41, 0, 16, 25]
