1:[517, 1198, 345]:[1522, 362, 176]
10:[1420, 1960, 351]:[2531, 858, 342]
15:[91, 219, 59]:[351, 10, 8]
17:[847, 1173, 767]:[2055, 497, 235]
19:[167, 160, 65]:[364, 26, 2]
2:[93, 224, 36]:[287, 35, 31]
20:[360, 619, 365]:[946, 189, 209]
22:[915, 2719, 471]:[2392, 1406, 307]
23:[696, 2482, 595]:[2379, 950, 444]
24:[3328, 8492, 1631]:[9476, 2848, 1127]
25:[1057, 2480, 622]:[2695, 1034, 430]
26:[778, 980, 249]:[1799, 125, 83]
27:[216, 585, 190]:[837, 75, 79]
28:[220, 773, 162]:[857, 104, 194]
29:[12, 58, 4]:[31, 19, 24]
30:[6, 0, 0]:[6, 0, 0]
43:[5, 109, 10]:[109, 9, 6]
