1:[0.12373737373737374, 0.8034511784511784, 0.07281144781144781, 0.05092592592592592]:[0.39646464646464646, 0.5500841750841751, 0.05345117845117845, 0.343013468013468]
10:[0.21500843170320405, 0.734822934232715, 0.050168634064080946, 0.1648397976391231]:[0.48861720067453623, 0.3954468802698145, 0.11593591905564925, 0.37268128161888703]
15:[0.14342629482071714, 0.7370517928286853, 0.11952191235059761, 0.02390438247011952]:[0.6374501992031872, 0.32669322709163345, 0.035856573705179286, 0.601593625498008]
17:[0.1776889534883721, 0.7354651162790697, 0.08684593023255814, 0.09084302325581395]:[0.4367732558139535, 0.5261627906976745, 0.037063953488372096, 0.3997093023255814]
19:[0.1276595744680851, 0.8226950354609929, 0.04964539007092199, 0.07801418439716312]:[0.45390070921985815, 0.5319148936170213, 0.014184397163120567, 0.4397163120567376]
2:[0.07331042382588775, 0.8808705612829324, 0.045819014891179836, 0.027491408934707903]:[0.5040091638029782, 0.424971363115693, 0.07101947308132875, 0.4329896907216495]
20:[0.1744408945686901, 0.7335463258785943, 0.09201277955271565, 0.08242811501597444]:[0.5335463258785943, 0.3667731629392971, 0.09968051118210862, 0.4338658146964856]
22:[0.0823313293253173, 0.8906145624582499, 0.027054108216432865, 0.05527722110888444]:[0.28707414829659317, 0.6780227120908484, 0.03490313961255845, 0.25217100868403475]
23:[0.15824782951854774, 0.7513812154696132, 0.09037095501183899, 0.06787687450670876]:[0.3685872138910813, 0.5536700868192581, 0.07774269928966061, 0.2908445146014207]
24:[0.11646612607899555, 0.8473711744703113, 0.03616269945069317, 0.08030342662830238]:[0.369278053884384, 0.5776222861626995, 0.05309965995291656, 0.31617839393146746]
25:[0.06712095400340716, 0.894037478705281, 0.03884156729131175, 0.0282793867120954]:[0.19625212947189097, 0.7611584327086882, 0.04258943781942078, 0.15366269165247018]
26:[0.1489971346704871, 0.8034383954154728, 0.04756446991404011, 0.101432664756447]:[0.6154727793696275, 0.3530085959885387, 0.03151862464183381, 0.5839541547277937]
27:[0.06042654028436019, 0.9040284360189573, 0.035545023696682464, 0.024881516587677725]:[0.3696682464454976, 0.5367298578199052, 0.09360189573459715, 0.27606635071090047]
28:[0.11786600496277916, 0.8287841191066998, 0.05334987593052109, 0.06451612903225806]:[0.44292803970223327, 0.45285359801488834, 0.10421836228287841, 0.3387096774193548]
29:[0.01171875, 0.984375, 0.00390625, 0.0078125]:[0.234375, 0.70703125, 0.05859375, 0.17578125]
30:[1.0, 0.0, 0.0, 1.0]:[1.0, 0.0, 0.0, 1.0]
43:[0.0, 1.0, 0.0, 0.0]:[0.6728971962616822, 0.32710280373831774, 0.0, 0.6728971962616822]
44:[0.0, 1.0, 0.0, 0.0]:[0.0, 1.0, 0.0, 0.0]
