1:[294, 1909, 173, 121]:[942, 1307, 127, 815]
10:[510, 1743, 119, 391]:[1159, 938, 275, 884]
15:[36, 185, 30, 6]:[160, 82, 9, 151]
17:[489, 2024, 239, 250]:[1202, 1448, 102, 1100]
19:[18, 116, 7, 11]:[64, 75, 2, 62]
2:[64, 769, 40, 24]:[440, 371, 62, 378]
20:[273, 1148, 144, 129]:[835, 574, 156, 679]
22:[493, 5333, 162, 331]:[1719, 4060, 209, 1510]
23:[401, 1904, 229, 172]:[934, 1403, 197, 737]
24:[1781, 12958, 553, 1228]:[5647, 8833, 812, 4835]
25:[197, 2624, 114, 83]:[576, 2234, 125, 451]
26:[260, 1402, 83, 177]:[1074, 616, 55, 1019]
27:[51, 763, 30, 21]:[312, 453, 79, 233]
28:[95, 668, 43, 52]:[357, 365, 84, 273]
29:[3, 252, 1, 2]:[60, 181, 15, 45]
30:[2, 0, 0, 2]:[2, 0, 0, 2]
43:[0, 107, 0, 0]:[72, 35, 0, 72]
44:[0, 1, 0, 0]:[0, 1, 0, 0]
