1:[252, 1796, 109, 143]:[850, 1160, 147, 703]
10:[491, 3288, 167, 324]:[1197, 2341, 408, 789]
15:[18, 212, 7, 11]:[104, 115, 18, 86]
17:[743, 3341, 258, 485]:[1668, 2491, 183, 1485]
19:[5, 113, 1, 4]:[51, 56, 12, 39]
2:[45, 608, 20, 25]:[202, 442, 29, 173]
20:[291, 1079, 89, 202]:[622, 736, 101, 521]
22:[506, 5037, 176, 330]:[1186, 4156, 377, 809]
23:[321, 3841, 181, 140]:[1569, 2451, 323, 1246]
24:[1056, 8467, 296, 760]:[3631, 5618, 570, 3061]
25:[197, 3477, 78, 119]:[827, 2808, 117, 710]
26:[201, 2103, 57, 144]:[1181, 944, 236, 945]
27:[39, 715, 15, 24]:[325, 365, 79, 246]
28:[76, 707, 19, 57]:[345, 361, 96, 249]
29:[7, 105, 2, 5]:[60, 50, 4, 56]
30:[1, 9, 1, 0]:[1, 9, 1, 0]
43:[0, 99, 0, 0]:[90, 9, 0, 90]
44:[0, 2, 0, 0]:[0, 2, 0, 0]
