1:[0.1168289290681502, 0.832637923041261, 0.050533147890588784, 0.06629578117756142]:[0.3940658321743162, 0.5377839592025963, 0.06815020862308763, 0.32591562355122855]
10:[0.12442980233147491, 0.833248859604663, 0.04232133806386214, 0.08210846426761277]:[0.3033451596553472, 0.5932589964521034, 0.10339584389254941, 0.19994931576279776]
15:[0.0759493670886076, 0.8945147679324894, 0.029535864978902954, 0.046413502109704644]:[0.4388185654008439, 0.48523206751054854, 0.0759493670886076, 0.3628691983122363]
17:[0.17111929986181484, 0.7694610778443114, 0.05941962229387379, 0.11169967756794104]:[0.38415476738830034, 0.5736987563334869, 0.0421464762782128, 0.3420082911100875]
19:[0.04201680672268908, 0.9495798319327731, 0.008403361344537815, 0.03361344537815126]:[0.42857142857142855, 0.47058823529411764, 0.10084033613445378, 0.3277310924369748]
2:[0.06686478454680535, 0.9034175334323923, 0.029717682020802376, 0.03714710252600297]:[0.300148588410104, 0.6567607726597325, 0.04309063893016345, 0.25705794947994054]
20:[0.19945167923235094, 0.7395476353666895, 0.06100068540095956, 0.13845099383139137]:[0.4263193968471556, 0.5044551062371487, 0.06922549691569568, 0.3570938999314599]
22:[0.08847700646966253, 0.8807483825843679, 0.030774610945969574, 0.057702395523692954]:[0.20737891239727224, 0.7267004721105088, 0.06592061549221892, 0.14145829690505332]
23:[0.0739120423670274, 0.8844116969836519, 0.04167626064932074, 0.032235781717706656]:[0.3612710108220124, 0.5643564356435643, 0.07437255353442321, 0.2868984572875892]
24:[0.10754659333944394, 0.8623077706487422, 0.03014563601181383, 0.07740095732763011]:[0.3697932579692433, 0.5721560240350341, 0.058050717995722576, 0.31174253997352075]
25:[0.052505330490405115, 0.9267057569296375, 0.020788912579957356, 0.03171641791044776]:[0.22041577825159914, 0.7484008528784648, 0.031183368869936032, 0.1892324093816631]
26:[0.08513341804320203, 0.8907242693773825, 0.0241423125794155, 0.060991105463786534]:[0.5002117746717493, 0.3998305802626006, 0.09995764506565015, 0.40025412960609913]
27:[0.05071521456436931, 0.929778933680104, 0.01950585175552666, 0.031209362808842653]:[0.4226267880364109, 0.47464239271781533, 0.10273081924577374, 0.3198959687906372]
28:[0.09476309226932668, 0.8815461346633416, 0.02369077306733167, 0.07107231920199501]:[0.43017456359102246, 0.45012468827930174, 0.11970074812967581, 0.3104738154613466]
29:[0.06140350877192982, 0.9210526315789473, 0.017543859649122806, 0.043859649122807015]:[0.5263157894736842, 0.43859649122807015, 0.03508771929824561, 0.49122807017543857]
30:[0.09090909090909091, 0.8181818181818182, 0.09090909090909091, 0.0]:[0.09090909090909091, 0.8181818181818182, 0.09090909090909091, 0.0]
43:[0.0, 1.0, 0.0, 0.0]:[0.9090909090909091, 0.09090909090909091, 0.0, 0.9090909090909091]
44:[0.0, 1.0, 0.0, 0.0]:[0.0, 1.0, 0.0, 0.0]
