1 [480, 1730, 367] [1884, 381, 312]
10 [3262, 8880, 1612] [8792, 3339, 1623]
15 [128, 320, 86] [417, 117, 0]
17 [476, 1027, 404] [1550, 177, 180]
19 [58, 19, 19] [90, 0, 6]
2 [62, 82, 0] [120, 13, 11]
20 [535, 963, 290] [1443, 97, 248]
22 [603, 2028, 295] [1983, 639, 304]
23 [335, 1273, 220] [1209, 330, 289]
24 [2453, 5579, 1092] [7339, 1017, 768]
25 [284, 742, 199] [730, 338, 157]
26 [543, 1175, 210] [1476, 209, 243]
27 [113, 298, 46] [342, 49, 66]
28 [95, 328, 95] [423, 42, 53]
29 [11, 79, 0] [38, 52, 0]
43 [0, 0, 20] [0, 0, 20]
