1:[0.18626309662398138, 0.6713232440822662, 0.14241365929375244, 0.043849437330228946]:[0.7310826542491269, 0.1478463329452852, 0.1210710128055879, 0.610011641443539]
10:[0.23716736949251127, 0.6456303620764868, 0.11720226843100189, 0.11996510106150939]:[0.6392322233532063, 0.24276574087538172, 0.11800203577141195, 0.5212301875817944]
15:[0.2397003745318352, 0.599250936329588, 0.16104868913857678, 0.07865168539325842]:[0.7808988764044944, 0.21910112359550563, 0.0, 0.7808988764044944]
17:[0.2496067121132669, 0.5385422128998427, 0.2118510749868904, 0.03775563712637651]:[0.8127949659150498, 0.09281594126900891, 0.09438909281594127, 0.7184058730991085]
19:[0.6041666666666666, 0.19791666666666666, 0.19791666666666666, 0.40625]:[0.9375, 0.0, 0.0625, 0.875]
2:[0.4305555555555556, 0.5694444444444444, 0.0, 0.4305555555555556]:[0.8333333333333334, 0.09027777777777778, 0.0763888888888889, 0.7569444444444444]
20:[0.2992170022371365, 0.5385906040268457, 0.1621923937360179, 0.13702460850111856]:[0.8070469798657718, 0.05425055928411633, 0.13870246085011187, 0.6683445190156599]
22:[0.20608339029391662, 0.6930963773069037, 0.10082023239917977, 0.10526315789473684]:[0.6777170198222829, 0.21838687628161313, 0.1038961038961039, 0.5738209159261791]
23:[0.18326039387308535, 0.6963894967177243, 0.12035010940919037, 0.06291028446389496]:[0.6613785557986871, 0.18052516411378555, 0.15809628008752735, 0.5032822757111597]
24:[0.26885138097325734, 0.6114642700569926, 0.11968434896975011, 0.14916703200350723]:[0.80436212187637, 0.11146427005699255, 0.08417360806663744, 0.7201885138097326]
25:[0.23183673469387756, 0.6057142857142858, 0.16244897959183674, 0.06938775510204082]:[0.5959183673469388, 0.27591836734693875, 0.12816326530612246, 0.46775510204081633]
26:[0.2816390041493776, 0.6094398340248963, 0.10892116182572614, 0.17271784232365145]:[0.7655601659751037, 0.10840248962655602, 0.12603734439834025, 0.6395228215767634]
27:[0.24726477024070023, 0.6520787746170679, 0.10065645514223195, 0.14660831509846828]:[0.7483588621444202, 0.10722100656455143, 0.14442013129102846, 0.6039387308533917]
28:[0.1833976833976834, 0.6332046332046332, 0.1833976833976834, 0.0]:[0.8166023166023166, 0.08108108108108109, 0.10231660231660232, 0.7142857142857143]
29:[0.12222222222222222, 0.8777777777777778, 0.0, 0.12222222222222222]:[0.4222222222222222, 0.5777777777777777, 0.0, 0.4222222222222222]
43:[0.0, 0.0, 1.0, -1.0]:[0.0, 0.0, 1.0, -1.0]
