1:[617, 1341, 387]:[1856, 206, 283]
10:[2098, 3830, 544]:[4576, 1308, 588]
15:[298, 501, 121]:[818, 91, 11]
17:[808, 923, 443]:[1852, 143, 179]
19:[148, 196, 58]:[364, 26, 12]
2:[168, 161, 55]:[296, 48, 40]
20:[215, 467, 135]:[660, 55, 102]
22:[898, 1993, 319]:[2406, 551, 253]
23:[816, 2104, 537]:[2725, 347, 385]
24:[2775, 5751, 1438]:[8127, 926, 911]
25:[572, 1417, 498]:[1771, 371, 345]
26:[1238, 2285, 623]:[3691, 169, 286]
27:[309, 1005, 342]:[1439, 78, 139]
28:[492, 1634, 275]:[1940, 193, 268]
29:[29, 24, 4]:[44, 10, 3]
43:[11, 5, 41]:[41, 0, 16]
