Film & Animation:[480, 1730, 367, 113]:[1884, 381, 312, 1572]
Music:[3262, 8880, 1612, 1650]:[8792, 3339, 1623, 7169]
Pets & Animals:[128, 320, 86, 42]:[417, 117, 0, 417]
Sports:[476, 1027, 404, 72]:[1550, 177, 180, 1370]
Travel & Events:[58, 19, 19, 39]:[90, 0, 6, 84]
Autos & Vehicles:[62, 82, 0, 62]:[120, 13, 11, 109]
Gaming:[535, 963, 290, 245]:[1443, 97, 248, 1195]
People & Blogs:[603, 2028, 295, 308]:[1983, 639, 304, 1679]
Comedy:[335, 1273, 220, 115]:[1209, 330, 289, 920]
Entertainment:[2453, 5579, 1092, 1361]:[7339, 1017, 768, 6571]
News & Politics:[284, 742, 199, 85]:[730, 338, 157, 573]
Howto & Style:[543, 1175, 210, 333]:[1476, 209, 243, 1233]
Education:[113, 298, 46, 67]:[342, 49, 66, 276]
Science & Technology:[95, 328, 95, 0]:[423, 42, 53, 370]
Nonprofits & Activism:[11, 79, 0, 11]:[38, 52, 0, 38]
Shows:[0, 0, 20, -20]:[0, 0, 20, -20]
