Film & Animation:[0.25097087378640776, 0.5815533980582525, 0.16747572815533981, 0.08349514563106795]:[0.7388349514563107, 0.17572815533980582, 0.0854368932038835, 0.6533980582524271]
Music:[0.3805950147413562, 0.525328330206379, 0.09407665505226481, 0.2865183596890914]:[0.6783704100777271, 0.22996515679442509, 0.09166443312784776, 0.5867059769498794]
Pets & Animals:[0.24661246612466126, 0.5934959349593496, 0.15989159891598917, 0.08672086720867209]:[0.9512195121951219, 0.02710027100271003, 0.02168021680216802, 0.9295392953929539]
Sports:[0.30391101542877647, 0.4208826695371367, 0.2752063150340868, 0.02870470039468963]:[0.7373519913885899, 0.17832795120200934, 0.0843200574094008, 0.6530319339791891]
Travel & Events:[0.4260204081632653, 0.40816326530612246, 0.16581632653061223, 0.2602040816326531]:[0.9285714285714286, 0.0663265306122449, 0.00510204081632653, 0.923469387755102]
Autos & Vehicles:[0.26345609065155806, 0.6345609065155807, 0.10198300283286119, 0.16147308781869688]:[0.8130311614730878, 0.09915014164305949, 0.08781869688385269, 0.7252124645892352]
Gaming:[0.26785714285714285, 0.46056547619047616, 0.27157738095238093, -0.003720238095238095]:[0.7038690476190477, 0.140625, 0.15550595238095238, 0.5483630952380952]
People & Blogs:[0.22289890377588306, 0.6623629719853836, 0.11473812423873325, 0.10816077953714982]:[0.5827040194884288, 0.3425091352009744, 0.07478684531059683, 0.5079171741778319]
Comedy:[0.18446859263185794, 0.6578319639544129, 0.15769944341372913, 0.02676914921812881]:[0.6305327325735489, 0.25178902729923136, 0.11767824012721972, 0.5128544924463292]
Entertainment:[0.247416548955468, 0.6313285257601665, 0.12125492528436548, 0.1261616236711025]:[0.7044829380715188, 0.21173146977919857, 0.08378559214928258, 0.6206973459222362]
News & Politics:[0.2541476316422217, 0.5962971868237558, 0.1495551815340226, 0.10459245010819909]:[0.6479923058427507, 0.24861745611925945, 0.1033902380379899, 0.5446020678047607]
Howto & Style:[0.3876432486297957, 0.48829098156452416, 0.12406576980568013, 0.2635774788241156]:[0.8963627304434479, 0.0622820129546587, 0.041355256601893375, 0.8550074738415545]
Education:[0.21796165489404642, 0.5903128153380424, 0.1917255297679112, 0.026236125126135216]:[0.8446014127144299, 0.07568113017154389, 0.07971745711402624, 0.7648839556004037]
Science & Technology:[0.19047619047619047, 0.6692640692640692, 0.14025974025974025, 0.050216450216450215]:[0.741991341991342, 0.09004329004329005, 0.16796536796536796, 0.574025974025974]
Nonprofits & Activism:[0.16216216216216217, 0.7837837837837838, 0.05405405405405406, 0.10810810810810811]:[0.4189189189189189, 0.25675675675675674, 0.32432432432432434, 0.0945945945945946]
Movies:[1.0, 0.0, 0.0, 1.0]:[1.0, 0.0, 0.0, 1.0]
Shows:[0.04032258064516129, 0.8790322580645161, 0.08064516129032258, -0.04032258064516129]:[0.8790322580645161, 0.07258064516129033, 0.04838709677419355, 0.8306451612903226]
