1:[517, 1198, 345, 172]:[1522, 362, 176, 1346]
10:[1420, 1960, 351, 1069]:[2531, 858, 342, 2189]
15:[91, 219, 59, 32]:[351, 10, 8, 343]
17:[847, 1173, 767, 80]:[2055, 497, 235, 1820]
19:[167, 160, 65, 102]:[364, 26, 2, 362]
2:[93, 224, 36, 57]:[287, 35, 31, 256]
20:[360, 619, 365, -5]:[946, 189, 209, 737]
22:[915, 2719, 471, 444]:[2392, 1406, 307, 2085]
23:[696, 2482, 595, 101]:[2379, 950, 444, 1935]
24:[3328, 8492, 1631, 1697]:[9476, 2848, 1127, 8349]
25:[1057, 2480, 622, 435]:[2695, 1034, 430, 2265]
26:[778, 980, 249, 529]:[1799, 125, 83, 1716]
27:[216, 585, 190, 26]:[837, 75, 79, 758]
28:[220, 773, 162, 58]:[857, 104, 194, 663]
29:[12, 58, 4, 8]:[31, 19, 24, 7]
30:[6, 0, 0, 6]:[6, 0, 0, 6]
43:[5, 109, 10, -5]:[109, 9, 6, 103]
