1:[0.26311300639658847, 0.5718550106609808, 0.1650319829424307, 0.09808102345415778]:[0.7914712153518124, 0.08784648187633262, 0.12068230277185502, 0.6707889125799573]
10:[0.3241656365883807, 0.5917799752781211, 0.08405438813349815, 0.24011124845488258]:[0.7070457354758962, 0.20210135970333745, 0.09085290482076638, 0.6161928306551298]
15:[0.3239130434782609, 0.5445652173913044, 0.13152173913043477, 0.1923913043478261]:[0.8891304347826087, 0.09891304347826087, 0.011956521739130435, 0.8771739130434782]
17:[0.3716651333946642, 0.4245630174793008, 0.20377184912603497, 0.16789328426862926]:[0.8518859245630175, 0.06577736890524379, 0.08233670653173873, 0.7695492180312787]
19:[0.3681592039800995, 0.48756218905472637, 0.14427860696517414, 0.22388059701492538]:[0.9054726368159204, 0.06467661691542288, 0.029850746268656716, 0.8756218905472637]
2:[0.4375, 0.4192708333333333, 0.14322916666666666, 0.2942708333333333]:[0.7708333333333334, 0.125, 0.10416666666666667, 0.6666666666666666]
20:[0.2631578947368421, 0.5716034271725826, 0.16523867809057527, 0.09791921664626684]:[0.8078335373317014, 0.06731946144430845, 0.12484700122399021, 0.6829865361077111]
22:[0.27975077881619936, 0.6208722741433021, 0.09937694704049845, 0.18037383177570093]:[0.7495327102803738, 0.17165109034267914, 0.07881619937694705, 0.6707165109034268]
23:[0.23604281168643332, 0.60862019091698, 0.15533699739658663, 0.08070581428984669]:[0.7882557130459936, 0.10037604859704946, 0.1113682383569569, 0.6768874746890368]
24:[0.27850260939381777, 0.5771778402248093, 0.14431955038137295, 0.1341830590124448]:[0.8156362906463268, 0.09293456443195504, 0.09142914492171819, 0.7242071457246085]
25:[0.22999597909127462, 0.5697627663852031, 0.20024125452352232, 0.029754724567752314]:[0.7121029352633695, 0.14917571371129876, 0.13872135102533173, 0.5733815842380378]
26:[0.2986010612638688, 0.551133622768934, 0.1502653159671973, 0.14833574529667148]:[0.8902556681138447, 0.04076218041485769, 0.06898215147129763, 0.821273516642547]
27:[0.18659420289855072, 0.6068840579710145, 0.20652173913043478, -0.019927536231884056]:[0.8689613526570048, 0.04710144927536232, 0.08393719806763285, 0.785024154589372]
28:[0.204914618908788, 0.6805497709287797, 0.11453561016243231, 0.09037900874635568]:[0.807996668054977, 0.08038317367763433, 0.1116201582673886, 0.6963765097875885]
29:[0.5087719298245614, 0.42105263157894735, 0.07017543859649122, 0.43859649122807015]:[0.7719298245614035, 0.17543859649122806, 0.05263157894736842, 0.7192982456140351]
43:[0.19298245614035087, 0.08771929824561403, 0.7192982456140351, -0.5263157894736842]:[0.7192982456140351, 0.0, 0.2807017543859649, 0.43859649122807015]
